IC5376, 0.01672, 0.016785, 0
UGC00005, 0.02438, 0.024253, 0
NGC7819, 0.0166, 0.016538, 0
IC1528, 0.01265, 0.012699, 0
NGC7824, 0.02021, 0.020441, 0
UGC00036, 0.02079, 0.020985, 0
NGC0001, 0.01511, 0.015177, 0
NGC0023, 0.01571, 0.015231, 0
NGC0036, 0.01992, 0.020114, 0
UGC00139, 0.01338, 0.013219, 0
UGC00148, 0.01382, 0.014053, 0
MCG-02-02-030, 0.01177, 0.011718, 0
UGC00312, 0.01436, 0.014557, 0
ESO539-G014, 0.02346, 0.023663, 0
MCG-02-02-040, 0.01191, 0.011919, 0
UGC00335NED02, 0.01817, 0.018176, 0
NGC0155, 0.02052, 0.020714, 0
ESO540-G003, 0.01107, 0.010984, 0
NGC0160, 0.01752, 0.017525, 0
NGC0165, 0.01958, 0.019617, 0
NGC0169, 0.01525, 0.015434, 0
NGC0171, 0.01283, 0.013043, 0
NGC0180, 0.01742, 0.017616, 0
NGC0192, 0.01386, 0.013787, 0
NGC0216, 0.00525, 0.00515, 0
NGC0214, 0.01499, 0.015134, 0
NGC0217, 0.01317, 0.013262, 0
NGC0237, 0.01382, 0.013926, 0
NGC0234, 0.01475, 0.014877, 0
NGC0257, 0.01743, 0.017592, 0
NGC0309, 0.0189, 0.018886, 0
NGC0364, 0.017, 0.017102, 0
NGC0429, 0.01884, 0.018763, 0
IC1652, 0.01676, 0.017265, 0
NGC0447, 0.01852, 0.01867, 0
NGC0444, 0.01605, 0.016141, 0
UGC00809, 0.01391, 0.014023, 0
UGC00841, 0.01856, 0.018586, 0
NGC0477, 0.01963, 0.0196, 0
IC1683, 0.01618, 0.016241, 0
NGC0499, 0.01474, 0.014673, 0
NGC0496, 0.02009, 0.020034, 0
NGC0504, 0.01404, 0.014096, 0
NGC0517, 0.01385, 0.014023, 0
NGC0523, 0.01581, 0.015871, 0
UGC00987, 0.01545, 0.015537, 0
NGC0528, 0.01599, 0.016034, 0
NGC0529, 0.01578, 0.016084, 0
NGC0551, 0.0172, 0.017332, 0
UGC01057, 0.02087, 0.021274, 0
NGC0570, 0.01844, 0.018359, 0
UGC01062, 0.01819, 0.018253, 0
2MASXJ01331766+1319567, 0.00919, -99, 0
UGC01123, 0.01627, 0.016365, 0
IC0159, 0.01314, 0.013059, 0
UGC01271, 0.0167, 0.016965, 0
UGCA021, 0.00687, 0.006635, 0
NGC0681, 0.00589, 0.005872, 0
UGC01274, 0.02619, 0.02626, 0
NGC0677, 0.01712, 0.017012, 0
NGC0693, 0.005, 0.005227, 0
NGC0716, 0.01493, 0.015204, 0
UGC01368, 0.02656, 0.026969, 0
NGC0731, 0.01294, 0.012782, 0
NGC0741, 0.01816, 0.018549, 0
NGC0755, 0.00568, 0.005467, 0
IC1755, 0.02627, 0.026488, 0
NGC0768, 0.02312, 0.02342, 0
NGC0774, 0.01524, 0.015411, 0
NGC0776, 0.01624, 0.016415, 0
NGC0787, 0.01578, 0.015744, 0
NGC0810, 0.02594, 0.025568, 0
NGC0825, 0.01112, 0.011333, 0
NGC0833, 0.01266, 0.012889, 0
NGC0842, 0.0129, 0.012866, 0
UGC01659, 0.02755, 0.027479, 0
UGC01749, 0.02678, 0.026909, 0
NGC0873, 0.01349, 0.013385, 0
NGC0924, 0.01475, 0.01488, 0
UGC01918, 0.01688, 0.016962, 0
NGC0932, 0.01362, 0.013603, 0
UGC01938, 0.02108, 0.021248, 0
NGC0941, 0.00555, 0.005364, 0
NGC0938, 0.01349, 0.013736, 0
NGC0955, 0.00495, 0.00496, 0
NGC0962, 0.0155, 0.015371, 0
UGC02018, 0.02041, 0.020554, 0
NGC0976, 0.01404, 0.014327, 0
NGC0991, 0.00513, 0.00511, 0
UGC02099, 0.02737, 0.027409, 0
UGC02134, 0.0153, 0.015297, 0
NGC1026, 0.01391, 0.01394, 0
NGC1041, 0.02377, 0.023623, 0
NGC1056, 0.00528, 0.005154, 0
NGC1060, 0.01715, 0.017312, 0
NGC1070, 0.01355, 0.013636, 0
UGC02222, 0.0165, 0.016848, 0
UGC02229, 0.02448, 0.024428, 0
UGC02239, 0.01593, 0.016081, 0
NGC1094, 0.0215, 0.021562, 0
NGC1093, 0.01743, 0.017646, 0
UGC02311, 0.02372, 0.023719, 0
UGC02319, 0.02344, 0.023466, 0
MCG-02-08-014, 0.01683, 0.016752, 0
NGC1132, 0.02316, 0.023133, 0
UGC02367, 0.02468, 0.024617, 0
NGC1142, 0.02928, 0.028847, 0
UGC02403, 0.01372, 0.013817, 0
UGC02405, 0.02578, 0.025674, 0
UGC02443, 0.00847, 0.008386, 0
UGC02465, 0.01686, 0.016938, 0
NGC1167, 0.01646, 0.016495, 0
NGC1211, 0.01074, 0.010729, 0
MCG-01-09-006, 0.02905, 0.028977, 0
IC0307, 0.02575, 0.025981, 0
UGC02628, 0.02259, 0.022752, 0
UGC02690, 0.0209, 0.020965, 0
NGC1324, 0.01884, 0.018906, 0
NGC1349, 0.02195, 0.021999, 0
NGC1361, 0.01759, 0.017586, 0
MCG-01-10-015, 0.0136, 0.013796, 0
MCG-01-10-019, 0.01755, 0.017505, 0
NGC1542, 0.01244, 0.012389, 0
UGC03038, 0.0271, 0.026982, 0
UGC03107, 0.02785, 0.027889, 0
NGC1645, 0.01606, 0.016345, 0
UGC03151, 0.01516, 0.0146, 0
NGC1656, 0.01246, 0.012572, 0
NGC1659, 0.01556, 0.015291, 0
NGC1665, 0.00916, 0.009156, 0
NGC1666, 0.00923, 0.009183, 0
NGC1667, 0.0153, 0.015167, 0
IC2095, 0.01017, 0.009497, 0
IC2098, 0.00934, 0.009403, 0
NGC1677, 0.00934, 0.00919, 0
IC2101, 0.01489, 0.015087, 0
ARP180, 0.01415, -99, 0
UGC03253, 0.01389, 0.013776, 0
NGC2253, 0.01201, 0.011885, 0
UGC03539, 0.01113, 0.011021, 0
NGC2347, 0.01463, 0.014747, 0
UGC03899, 0.01315, 0.012956, 0
NGC2410, 0.01574, 0.015614, 0
UGC03944, 0.01295, 0.012992, 0
UGC03969, 0.02702, 0.027119, 0
UGC03973, 0.02212, 0.022189, 0
UGC03995, 0.0158, 0.015844, 0
NGC2449, 0.01652, 0.016318, 0
UGC04029, 0.01454, 0.014727, 0
UGC04054, 0.00674, 0.007075, 0
IC0480, 0.01542, 0.015208, 0
NGC2476, 0.01229, 0.012439, 0
NGC2480, 0.008, 0.007822, 0
NGC2481, 0.00733, 0.007195, 0
NGC2487, 0.01619, 0.016148, 0
UGC04132, 0.01744, 0.017409, 0
UGC04140, 0.01561, 0.015708, 0
UGC04145, 0.0153, 0.015421, 0
UGC04136, 0.02216, 0.022332, 0
IC0485, 0.02773, 0.027813, 0
NGC2507, 0.01507, 0.01522, 0
NGC2513, 0.01564, 0.015561, 0
UGC04176, 0.01028, 0.010294, 0
UGC04190, 0.01601, 0.016598, 0
UGC04197, 0.01504, 0.015276, 0
UGC04210, 0.01678, 0.016735, 0
UGC04195, 0.01617, 0.016305, 0
NGC2522, 0.01554, 0.015694, 0
UGC04233, 0.02943, 0.030034, 0
NGC2530, 0.01668, 0.016772, 0
UGC04240, 0.02886, 0.028563, 0
UGC04245, 0.01733, 0.017402, 0
UGC04258, 0.01064, 0.010462, 0
NGC2540, 0.02088, 0.021018, 0
NGC2543, 0.00814, 0.008242, 0
UGC04280, 0.01184, 0.011718, 0
IC2247, 0.01427, 0.014283, 0
UGC04308, 0.01179, 0.011895, 0
NGC2553, 0.01549, 0.015748, 0
NGC2554, 0.01365, 0.01387, 0
UGC04262, 0.01893, 0.019, 0
NGC2558, 0.01672, 0.016672, 0
NGC2565, 0.01182, 0.011948, 0
NGC2572, 0.02648, 0.026628, 0
NGC2577, 0.00657, 0.006878, 0
UGC04375, 0.00673, 0.006875, 0
IC2341, 0.01701, 0.017155, 0
IC2361, 0.00705, 0.006878, 0
NGC2592, 0.00654, 0.006601, 0
NGC2596, 0.01964, 0.019807, 0
NGC2595, 0.0143, 0.014443, 0
UGC04425, 0.01967, 0.01967, 0
UGC04461, 0.0167, 0.016655, 0
NGC2604, 0.00702, 0.00693, 0
UGC04468, 0.02468, 0.025227, 0
NGC2623, 0.01832, 0.018509, 0
NGC2638, 0.01282, 0.012739, 0
UGC04550, 0.00744, 0.006895, 0
NGC2639, 0.01069, 0.011128, 0
UGC04546, 0.01742, 0.017443, 0
UGC04551, 0.00582, 0.005764, 0
UGC04659, 0.00571, 0.005857, 0
UGC04722, 0.00608, 0.005984, 0
NGC2730, 0.0129, 0.012782, 0
NGC2805, 0.0059, 0.005779, 0
NGC2880, 0.00524, 0.005184, 0
IC2487, 0.01439, 0.014473, 0
IC0540, 0.00678, 0.006788, 0
NGC2906, 0.00722, 0.007138, 0
NGC2916, 0.01227, 0.012442, 0
UGC05108, 0.02711, 0.026989, 0
NGC2918, 0.02248, 0.022812, 0
UGC05111, 0.02242, 0.022609, 0
UGC05113, 0.0228, 0.022746, 0
UGC05244, 0.00999, 0.01009, 0
UGC05358, 0.00986, 0.00972, 0
UGC05359, 0.02815, 0.028259, 0
UGC05396, 0.01798, 0.018012, 0
SDSSJ100141.02+371447.4, 0.00538, -99, 0
NGC3106, 0.02062, 0.020698, 0
NGC3057, 0.00505, 0.005084, 0
UGC05498NED01, 0.02091, 0.020874, 0
NGC3158, 0.02298, 0.023313, 0
NGC3160, 0.02283, 0.023083, 0
UGC05520, 0.01102, 0.011058, 0
NGC3182, 0.007, 0.007065, 0
UGC05598, 0.01883, 0.0188, 0
NGC3300, 0.01012, 0.01027, 0
NGC3303, 0.0206, 0.020951, 0
UGC05771, 0.02475, 0.024694, 0
NGC3381, 0.00575, 0.005434, 0
NGC3395, 0.00549, 0.00542, 0
NGC3406NED01, 0.02469, 0.024927, 0
UGC06036, 0.02177, 0.021688, 0
IC0674, 0.02488, 0.025104, 0
UGC06256, 0.01098, 0.011304, 0
UGC06312, 0.02099, 0.021098, 0
NGC3615, 0.02209, 0.022292, 0
NGC3614, 0.00777, 0.007782, 0
NGC3610, 0.00583, 0.005694, 0
NGC3619, 0.00507, 0.005204, 0
NGC3687, 0.0083, 0.008362, 0
NGC3811, 0.01046, 0.010357, 0
NGC3815, 0.01256, 0.012379, 0
NGC3991, 0.01184, 0.010647, 0
NGC3994, 0.01042, 0.010294, 0
NGC4003, 0.02181, 0.021712, 0
UGC07012, 0.01043, 0.010277, 0
NGC4047, 0.0114, 0.011375, 0
UGC07145, 0.02203, 0.022153, 0
NGC4149, 0.0103, 0.010194, 0
NGC4185, 0.01289, 0.013022, 0
NGC4210, 0.00916, 0.009113, 0
NGC4211NED02, 0.02213, 0.022302, 0
IC0776, 0.00881, 0.008232, 0
NGC4470, 0.00816, 0.007809, 0
IC3598, 0.02554, 0.025598, 0
NGC4644, 0.01646, 0.016501, 0
NGC4676A, 0.02217, 0.022059, 0
NGC4711, 0.0136, 0.013549, 0
UGC08004, 0.02063, 0.020634, 0
NGC4816, 0.02304, 0.023066, 0
NGC4841A, 0.0226, 0.022599, 0
NGC4874, 0.02393, 0.023937, 0
UGC08107, 0.02787, 0.027685, 0
NGC4956, 0.01596, 0.015844, 0
NGC4961, 0.00886, 0.008456, 0
UGC08231, 0.00857, 0.008239, 0
UGC08234, 0.0269, 0.027025, 0
NGC5000, 0.01864, 0.018706, 0
UGC08250, 0.01757, 0.017646, 0
UGC08267, 0.02409, 0.024123, 0
NGC5016, 0.00869, 0.008713, 0
NGC5029, 0.02903, 0.029177, 0
UGC08322, 0.0254, 0.025411, 0
IC4215, 0.01295, 0.013049, 0
NGC5157, 0.02442, 0.024424, 0
NGC5205, 0.00593, 0.005891, 0
NGC5198, 0.00843, 0.008402, 0
NGC5216, 0.00988, 0.009804, 0
NGC5218, 0.0097, 0.009783, 0
NGC5267, 0.01968, 0.019724, 0
UGC08662, 0.00688, 0.006743, 0
NGC5289, 0.00842, 0.008426, 0
UGC08733, 0.00773, 0.007799, 0
NGC5320, 0.00882, 0.008736, 0
IC0944, 0.02315, 0.023339, 0
UGC08778, 0.01088, 0.010904, 0
UGC08781, 0.02513, 0.025324, 0
NGC5376, 0.00695, 0.006921, 0
NGC5379, 0.00609, 0.005917, 0
NGC5378, 0.00977, 0.010147, 0
NGC5402, 0.01007, 0.010077, 0
NGC5394, 0.01168, 0.011501, 0
NGC5406, 0.01802, 0.017352, 0
NGC5425, 0.00702, 0.006918, 0
NGC5421NED02, 0.02616, 0.025451, 0
NGC5439, 0.00631, 0.006291, 0
NGC5443, 0.00614, 0.006014, 0
NGC5423, 0.0198, 0.019737, 0
UGC08988, 0.00681, 0.006974, 0
NGC5434B, 0.01896, 0.018803, 0
UGC08984, 0.01282, 0.012772, 0
NGC5473, 0.00675, 0.006745, 0
NGC5475, 0.00561, 0.005574, 0
NGC5480, 0.00651, 0.006191, 0
NGC5485, 0.00639, 0.006428, 0
UGC09071, 0.00606, 0.006088, 0
UGC09080, 0.01019, 0.010294, 0
UGC09067, 0.02634, 0.026151, 0
NGC5520, 0.0062, 0.006261, 0
NGC5513, 0.01688, 0.016655, 0
UGC09110, 0.01564, 0.015553, 0
UGC09113, 0.0107, 0.010621, 0
NGC5519, 0.02484, 0.024864, 0
NGC5522, 0.01529, 0.015254, 0
NGC5525, 0.01851, 0.018523, 0
NGC5533, 0.01292, 0.012896, 0
IC0995, 0.01048, 0.010417, 0
NGC5532, 0.02476, 0.024704, 0
NGC5546, 0.02468, 0.02443, 0
IC0994, 0.02453, 0.02468, 0
NGC5557, 0.01081, 0.010737, 0
NGC5549, 0.02558, 0.025701, 0
UGC09165, 0.01772, 0.017542, 0
NGC5559, 0.01733, 0.017232, 0
UGC09182, 0.01557, 0.015492, 0
NGC5580, 0.01065, 0.010701, 0
UGC09199, 0.02577, 0.025808, 0
NGC5587, 0.0077, 0.007682, 0
NGC5602, 0.0075, 0.007438, 0
NGC5598, 0.01818, 0.018236, 0
NGC5611, 0.00674, 0.006565, 0
NGC5614, 0.01289, 0.012982, 0
NGC5616, 0.02815, 0.028143, 0
NGC5610, 0.017, 0.016888, 0
NGC5622, 0.01297, 0.012892, 0
NGC5631, 0.00643, 0.006484, 0
UGC09253, 0.01302, 0.013089, 0
NGC5623, 0.01142, 0.011194, 0
UGC09262, 0.02803, 0.028136, 0
NGC5633, 0.00786, 0.007785, 0
NGC5630, 0.00955, 0.008856, 0
NGC5635, 0.01434, 0.014397, 0
UGC09291, 0.00982, 0.009657, 0
NGC5642, 0.0144, 0.014363, 0
NGC5656, 0.01073, 0.010551, 0
NGC5657, 0.013, 0.013029, 0
NGC5659, 0.01503, 0.014944, 0
NGC5665, 0.0074, 0.007431, 0
NGC5675, 0.01317, 0.013252, 0
NGC5682, 0.00791, 0.007581, 0
NGC5687, 0.00724, 0.007148, 0
NGC5689, 0.00734, 0.007205, 0
NGC5684, 0.01373, 0.013616, 0
UGC09401, 0.01878, 0.018773, 0
NGC5714, 0.00757, 0.007462, 0
NGC5720, 0.02593, 0.025985, 0
UGC09448, 0.00739, 0.007415, 0
NGC5730, 0.00853, 0.008449, 0
NGC5731, 0.00914, 0.008463, 0
NGC5732, 0.01259, 0.012502, 0
UGC09476, 0.01079, 0.010881, 0
NGC5739, 0.01862, 0.017936, 0
NGC5735, 0.01254, 0.012482, 0
UGC09492, 0.02767, 0.027693, 0
UGC09518, 0.02929, 0.02908, 0
UGC09537, 0.02942, 0.029427, 0
UGC09542, 0.01831, 0.018217, 0
UGC09539, 0.02118, 0.021191, 0
NGC5772, 0.01629, 0.016345, 0
NGC5784, 0.01838, 0.017912, 0
UGC09598, 0.01868, 0.018637, 0
NGC5797, 0.01341, 0.013269, 0
IC1079, 0.0292, 0.028957, 0
UGC09629, 0.02615, 0.026218, 0
UGC09665, 0.00843, 0.008533, 0
NGC5829, 0.01873, 0.018797, 0
UGC09711, 0.02794, 0.028019, 0
IC4534, 0.01633, 0.016458, 0
NGC5876, 0.01094, 0.010928, 0
UGC09759, 0.01123, 0.011408, 0
NGC5888, 0.02912, 0.029123, 0
UGC09777, 0.01579, 0.015654, 0
NGC5908, 0.01095, 0.011028, 0
UGC09842, 0.02967, 0.029726, 0
NGC5928, 0.01498, 0.015064, 0
NGC5930, 0.00879, 0.008726, 0
NGC5934, 0.01853, 0.019016, 0
UGC09873, 0.01867, 0.018733, 0
UGC09892, 0.01889, 0.018911, 0
NGC5951, 0.00622, 0.005937, 0
UGC09901, 0.01056, 0.010541, 0
NGC5953, 0.00721, 0.006555, 0
ARP220, 0.018, 0.018126, 0
NGC5957, 0.00605, 0.006094, 0
NGC5971, 0.01121, 0.014363, 0
UGC09919, 0.01074, 0.010617, 0
NGC5966, 0.01493, 0.014924, 0
IC4566, 0.01865, 0.01926, 0
UGC09937, 0.01482, 0.015097, 0
NGC5987, 0.01001, 0.01004, 0
NGC5980, 0.01372, 0.013649, 0
UGC10043, 0.00737, 0.007208, 0
UGC10042, 0.01403, 0.01409, 0
NGC6004, 0.01274, 0.012762, 0
UGC10097, 0.01977, 0.019887, 0
NGC6020, 0.01446, 0.014367, 0
NGC6021, 0.0158, 0.015818, 0
IC1151, 0.00746, 0.007235, 0
UGC10123, 0.01262, 0.012575, 0
NGC6027, 0.01476, 0.014834, 0
NGC6032, 0.01427, 0.014283, 0
NGC6060, 0.01453, 0.014807, 0
UGC10205, 0.02185, 0.021868, 0
NGC6063, 0.00948, 0.0095, 0
IC1199, 0.01568, 0.015781, 0
UGC10257, 0.01279, 0.012772, 0
NGC6081, 0.01681, 0.017265, 0
UGC10297, 0.00789, 0.007689, 0
UGC10331, 0.01517, 0.014914, 0
NGC6125, 0.01574, 0.016114, 0
UGC10337, 0.0294, 0.02924, 0
NGC6132, 0.01661, 0.016548, 0
NGC6146, 0.02943, 0.02942, 0
NGC6154, 0.01999, 0.020064, 0
UGC10380, 0.02909, 0.029194, 0
NGC6150, 0.02919, 0.029083, 0
NGC6155, 0.00809, 0.008066, 0
UGC10384, 0.0167, 0.016565, 0
UGC10388, 0.01543, 0.015444, 0
NGC6166NED01, 0.02682, 0.031035, 1
NGC6173, 0.02942, 0.0293, 0
NGC6168, 0.0088, 0.008402, 0
NGC6186, 0.01006, 0.009797, 0
UGC10650, 0.01067, 0.009864, 0
NGC6278, 0.00942, 0.009447, 0
UGC10693, 0.02788, 0.027863, 0
UGC10695, 0.02764, 0.027779, 0
UGC10710, 0.02778, 0.027976, 0
NGC6310, 0.0114, 0.011405, 0
NGC6301, 0.0279, 0.027833, 0
NGC6314, 0.02191, 0.022125, 0
NGC6338, 0.02752, 0.027303, 0
UGC10796, 0.01032, 0.010271, 0
NGC6361, 0.0127, 0.012715, 0
UGC10811, 0.02901, 0.029173, 0
UGC10799, 0.02762, 0.02839, 0
IC1256, 0.01579, 0.015778, 0
NGC6394, 0.02841, 0.028306, 0
UGC10905, 0.02575, 0.026161, 0
NGC6411, 0.01244, 0.012695, 0
NGC6427, 0.01088, 0.010774, 0
UGC10972, 0.01539, 0.015517, 0
NGC6478, 0.02265, 0.022602, 0
NGC6497, 0.0202, 0.020554, 0
NGC6515, 0.02285, 0.022862, 0
UGC11228, 0.01916, 0.01925, 0
UGC11262, 0.01848, 0.0187, 0
NGC6762, 0.00986, 0.00975, 0
MCG-02-51-004, 0.01899, 0.018953, 0
NGC6941, 0.02061, 0.020761, 0
NGC6945, 0.01249, 0.012665, 0
NGC6978, 0.01978, 0.020124, 0
UGC11649, 0.01257, 0.012669, 0
UGC11680NED01, 0.0259, 0.025988, 0
NGC7025, 0.01639, 0.016571, 0
UGC11694, 0.01732, 0.016895, 0
NGC7047, 0.01926, 0.019383, 0
UGC11717, 0.02088, 0.021025, 0
MCG-01-54-016, 0.00982, 0.009773, 0
UGC11740, 0.02111, 0.021605, 0
UGC11792, 0.01602, 0.016051, 0
NGC7194, 0.02713, 0.026825, 0
NGC7236, 0.02618, 0.026282, 0
UGC11958, 0.02618, 0.0263, 0
UGC11982, 0.0159, 0.016108, 0
UGC12054, 0.00692, 0.006901, 0
NGC7311, 0.01518, 0.01512, 0
NGC7321, 0.02371, 0.023833, 0
UGC12127, 0.02741, 0.027589, 0
NGC7364, 0.0162, 0.016228, 0
UGC12185, 0.02195, 0.022179, 0
UGC12224, 0.01164, 0.011695, 0
VV488NED02, 0.01647, 0.016815, 0
NGC7436B, 0.02455, 0.0246, 0
UGC12274, 0.02538, 0.025561, 0
UGC12308, 0.00757, 0.007428, 0
NGC7466, 0.02483, 0.025044, 0
UGC12348, 0.02521, 0.025454, 0
NGC7489, 0.02071, 0.020811, 0
NGC7536, 0.01563, 0.015668, 0
NGC7550, 0.01675, 0.016918, 0
NGC7549, 0.01543, 0.015799, 0
NGC7563, 0.01434, 0.013923, 0
NGC7562, 0.01202, 0.012035, 0
NGC7591, 0.01634, 0.016531, 0
UGC12494, 0.01622, 0.013996, 1
IC5309, 0.01381, 0.014003, 0
NGC7608, 0.01158, 0.011701, 0
NGC7611, 0.01083, 0.010848, 0
UGC12519, 0.01471, 0.014603, 0
UGC12518, 0.01287, 0.009296, 1
NGC7619, 0.01275, 0.012549, 0
NGC7623, 0.01222, 0.012472, 0
NGC7625, 0.00557, 0.005447, 0
NGC7631, 0.01245, 0.012522, 0
NGC7653, 0.01417, 0.014227, 0
NGC7671, 0.01294, 0.01377, 0
NGC7683, 0.01227, 0.012429, 0
UGC12633, 0.01416, 0.014053, 0
NGC7684, 0.01726, 0.017114, 0
NGC7691, 0.01354, 0.013479, 0
UGC12653, 0.01346, 0.013459, 0
UGC12688, 0.01756, 0.017442, 0
NGC7711, 0.01342, 0.013533, 0
NGC7716, 0.00861, 0.008604, 0
NGC7722, 0.01328, 0.013429, 0
UGC12723, 0.01849, 0.018226, 0
NGC7738, 0.02235, 0.022556, 0
UGC12810, 0.02715, 0.027062, 0
UGC12816, 0.01773, 0.017769, 0
NGC7782, 0.01778, 0.017942, 0
NGC7783NED01, 0.02607, 0.026508, 0
NGC7787, 0.02202, 0.022228, 0
UGC12857, 0.00827, 0.008263, 0
UGC12864, 0.0157, 0.015621, 0
MCG-01-01-012, 0.01897, 0.019223, 0
NGC7800, 0.00638, 0.005851, 0
NGC0014, 0.00397, 0.002885, 0
MCG-02-06-016, 0.00598, 0.005363, 0
IC0225, 0.00525, 0.00512, 0
UGC04455, 0.03102, 0.030908, 0
Mrk1418, 0.00479, 0.002578, 1
UGC05187, 0.00491, 0.004887, 0
UGC05326, 0.00468, 0.004727, 0
UGC05377, 0.0071, 0.007156, 0
NGC3353, 0.004, 0.003149, 0
IC2604, 0.00558, 0.005447, 0
UGC05976, 0.00398, 0.004036, 0
UGC06035, 0.0258, 0.003576, 1
NGC3600, 0.00455, 0.002398, 1
UGC06320, 0.00925, 0.003753, 1
NGC3655, 0.0052, 0.004913, 0
MCG+10-17-007, 0.00464, 0.004867, 0
NGC3773, 0.00503, 0.003276, 0
NGC3795A, 0.00395, 0.003849, 0
NGC3913, 0.00396, 0.003182, 0
UGC6930, 0.00398, 0.002592, 0
NGC3990, 0.00524, 0.002322, 1
UGC07129, 0.00397, 0.003075, 0
IC3065, 0.00399, 0.003313, 0
IC3586, 0.00569, 0.00516, 0
IC3652, 0.00188, 0.002099, 0
NGC4630, 0.00817, 0.002458, 1
MCG-01-33-007, 0.00432, 0.004613, 0
UGC8688, 0.00472, 0.004533, 0
UGC8909, 0.00535, 0.005569, 0
UGC9562, 0.00486, 0.00431, 0
UGC9663, 0.00904, 0.008072, 0
UGC00312NED01, 0.01475, -99, 0
NGC0495, 0.01352, 0.013723, 0
CGCG536-030, 0.01989, 0.019724, 0
NGC0675, 0.01748, 0.017796, 0
IC0208, 0.01151, 0.011755, 0
NGC0835, 0.01343, 0.013586, 0
MCG+02-35-020, 0.02468, 0.024605, 0
NGC5481, 0.0067, 0.006635, 0
CGCG163-062, 0.01464, 0.014547, 0
NGC5794, 0.01392, 0.013913, 0
IC1078, 0.02869, 0.028666, 0
UGC09708, 0.02815, 0.028136, 0
NGC5929, 0.00826, 0.008312, 0
NGC5935, 0.01799, 0.017922, 0
NGC5954, 0.00651, 0.006535, 0
NGC6150B, 0.03176, 0.031809, 0
VIIZw700, 0.03182, -99, 0
NGC6977, 0.02036, 0.020655, 0
UGC11680NED02, 0.02646, 0.02634, 0
NGC7559B, 0.0151, 0.015334, 0
NGC0507, 0.01638, 0.016458, 0
NGC0508, 0.01829, 0.018433, 0
NGC0515, 0.01704, 0.017002, 0
ARP118, 0.02775, 0.02882, 0
NGC6023, 0.03718, 0.037046, 0
NGC6090, 0.03015, 0.029304, 0
UGC12494NOTES01, 0.01404, 0.014043, 0
NGC4676B, 0.02159, 0.022039, 0
MCG-02-02-086, 0.05565, 0.055672, 0
IC1602, 0.05461, 0.054558, 0
NGC0548, 0.01783, 0.018026, 0
NGC0647, 0.0421, 0.042499, 0
SDSSJ015424, 0.02053, -99, 0
UGC03960, 0.00746, 0.007522, 0
MCG+03-20-011, 0.05259, 0.052756, 0
MCG+07-17-002, 0.07413, 0.07428, 0
NGC2484, 0.04062, 0.042836, 0
UGC04241, 0.02548, 0.00412, 1
IC2378, 0.05022, 0.050298, 0
IC2402, 0.06736, 0.067373, 0
NGC2691, 0.01336, 0.013279, 0
UGC04730, 0.01166, 0.011088, 0
2MASXJ09065870+2047103, 0.08015, 0.080332, 0
NGC2780, 0.00675, 0.006601, 0
NGC3220, 0.00398, 0.003903, 0
MCG+09-18-064, 0.07119, 0.071199, 0
UGC06517, 0.00842, 0.008309, 0
CGCG242-073, 0.0536, 0.053751, 0
NGC3896, 0.00396, 0.003069, 0
IC3631, 0.00948, 0.009413, 0
NGC5145, 0.00409, 0.004086, 0
NGC5358, 0.00814, 0.008046, 0
UGC09056, 0.00712, 0.006804, 0
UGC09356, 0.00756, 0.007419, 0
UGC09868, 0.073, 0.073104, 0
NGC5950, 0.00867, 0.008663, 0
UGC10117, 0.0178, 0.017929, 0
CGCG251-041, 0.01761, 0.017674, 0
UGC10803, 0.00427, 0.004186, 0
MCG-01-52-012, 0.01282, 0.012822, 0
CGCG429-012, 0.01751, 0.017526, 0
UGC9837, 0.0089, 0.008863, 0
UGC12250, 0.02405, 0.024197, 0
NGC5947, 0.01977, 0.01965, 0
NGC1590, 0.01304, 0.012999, 0
UGC03552, 0.01598, 0.016228, 0
NGC2526, 0.01525, 0.015354, 0
IC2481, 0.01769, 0.017752, 0
UGC5392, 0.02055, 0.020711, 0
MCG+08-19-17, 0.02968, 0.029963, 0
NGC3323, 0.01728, 0.017225, 0
IC701, 0.0203, 0.020488, 0
PGC0213858, 0.01921, -99, 0
PGC0035860, 0.02121, -99, 0
NGC4384, 0.0084, 0.008382, 0
IC3918, 0.0223, 0.021778, 0
MCG+09-22-53, 0.0118, 0.011758, 0
NGC6373, 0.01125, 0.011074, 0
NGC0426, 0.01743, 0.017343, 0
NGC0472, 0.01766, 0.017719, 0
NGC1270, 0.01632, 0.016561, 0
NGC1271, 0.01989, 0.019183, 0
NGC1281, 0.0141, 0.014343, 0
NGC2767, 0.01646, 0.016411, 0
PGC11179, 0.02247, 0.022886, 0
PGC32873, 0.02506, 0.024921, 0
